191911199212
198304012381
198304042396
198304122388
198304172391
197406079298
197501079292
197602079423
197702122388
192001239272
192005019183
192005239237
192006052399
192006159228
192006309294
192008037489
192009079282
192009299187
192010109250
192011149255
192011189228
192011279268
192012049199
192012269243
192101069249
192101239271
192102172398
192102239254
192103158750
192104079237
192104198383
192105019216
192105029249
192106049279
192106179282
192107139269
192107169274
192107249241
192108119138
192108139268
192109059259
192109099180
192109279204
192110109176
192111098279
192111229247
192112039223
192112139197
192112249202
192201029283
192201059272
192201239122
192202229189
192202239279
192203207960
192203217969
192203249244
192204129189
192205049246
192205079201
192205179274
192206229235
192207139243
192207189230
192208319232
192209099262
192209198296
192210148983
192210289076
192211037227
192212122994
192212199117
192301098311
192301149247
192301229262
192301289183
192302058785
192303139204
192304059260
192305078400
192305199214
192306189222
192306269107
192307012399
192307058368
192307129227
192308119003
192310049206
192312139195
192401012394
192401019183
192401297250
192401762386
192402039263
192404069151
192404259224
192405299245
192406099198
192406228607
192407109251
192407239207
192408089239
192409099054
192410199240
192411026301
192411119213
192411119213
192411219047
192412309268
192412319218
192501019216
192504079100
192504289253
192504689254
192505269155
192506189220
192506279211
192508133010
192508188188
192508242381
192508298037
192509099269
192509189250
192509288490
192510067560
192512019023
192512140605
192601177310
192602097095
192602129013
192603189123
192604019253
192604039178
192604278156
192605218110
192606135487
192606257430
192606267439
192607049109
192607309198
192608099244
192609137043
192610069185
192610227494
192611038387
192611099199
192611128311
192611279148
192612049029
192701089167
192702109105
192702237179
192703039202
192704019229
192705048409
192705178354
192705199236
192705219240
192706109176
192706110109
192706233091
192707047219
192707169203
192708139148
192709117077
192709156802
192710038197
192711188843
192712149075
192712318464
192801129475
192801138260
192801139763
192801199023
192801287075
192802058939
192802197059
192802286886
192803089214
192804129175
192804149264
192805028939
192805149248
192806059156
192806169229
192806179228
192806279234
192807139163
192807169228
192807263294
192807269234
192809176130
192810098372
192811038260
192812176333
192901189254
192902079264
192902137666
192902239199
192903139240
192903209175
192904069263
192904289234
192905209181
192905277295
192906098021
192906188798
192907059022
192907169193
192907304766
192908187541
192909089035
192910107032
192910209200
192911039150
192912097330
193001016595
193001227705
193001312390
193002012387
193002209082
193003030305
193003064742
193004040402
193004152397
193005269166
193006199248
193006208197
193006278240
193007149051
193007289261
193008029054
193008169165
193009179221
193009189246
193009249057
193010129249
193010259178
193010712390
193011309154
193012099267
193012102392
193012132399
193101139198
193102137662
193102168899
193103249078
193103310037
193104219096
193105099208
193105279172
193106226305
193107297552
193107697553
193108028287
193109259287
193109279210
193110106469
193110126467
193111049288
193111259291
193112316710
193201149121
193201176710
193201216987
193201299231
193202119065
193202178459
193203209162
193204029064
193205019056
193205039021
193205750056
193206127874
193207228333
193207319207
193208019111
193209189186
193210197251
193210307280
193211056969
193211195742
193212249282
193301205419
193301299172
193302177211
193302288414
193303030302
193303039105
193303129096
193303229201
193303237030
193304099173
193306086947
193307289151
193308179013
193310109123
193310186436
193311275824
193311288454
193311295434
193312049244
193401017003
193401193754
193401213073
193401268101
193402139111
193402287381
193403239209
193404129094
193405178967
193407116999
193408159154
193408174757
193408184756
193408195349
193409187451
193409269085
193410317246
193411194438
193412092391
193412179289
193412182390
193412199212
193501029148
193501096998
193501277697
193502017456
193502158458
193502234796
193503189049
193503289153
193504049135
193504079108
193504167358
193505098743
193505296776
193506308174
193508249079
193509228890
193511275863
193511308292
193512159116
193512172382
193512208194
193601016987
193601286499
193602039145
193602292348
193603119045
193603229091
193603239090
193603259155
193603289020
193604078455
193604139208
193604187496
193605227317
193605319122
193606099079
193607075896
193608108993
193609267202
193610058590
193610277448
193611129143
193702159009
193703119168
193703149132
193703219216
193704297450
193705019200
193705269235
193706187071
193707197442
193707219139
193709107761
193709146553
193709209112
193710146550
193710219209
193711099113
193711117626
193711146559
193712146558
193712146574
193712302391
193712312390
193801012398
193801122395
193801147061
193801248471
193801258470
193802052393
193802217475
193802278485
193803039142
193803129182
193804019036
193804139149
193804169245
193804629032
193805028432
193805089145
193805259169
193806079079
193806099101
193807106590
193808209005
193808319192
193809726585
193810157093
193811239106
193812012395
193812038895
193812192395
193812217044
193812302390
193812312399
193901012397
193901059059
193902218886
193903049165
193904286873
193905165407
193905299198
193906218890
193907189090
193908079167
193908139060
193908199163
193909099206
193909179131
193910108020
193910179203
193910288194
193911137077
193911152381
193912052390
193912063090
193912298894
193912302399
193912312380
193912312398
194001012386
194001012394
194001042383
194001167743
194001279050
194002039149
194002049163
194002087874
194002132399
194002142398
194002152397
194002287086
194003137033
194003189083
194004279107
194005050515
194005068095
194005088887
194005088895
194005650512
194005650520
194006028874
194006038873
194006139184
194007219142
194008097497
194009109077
194010017053
194010169185
194012012383
194012022382
194012197010
194012239101
194101010116
194101012393
194101090357
194101100354
194101106393
194101157545
194101267013
194101298265
194102069046
194103219202
194104279122
194105039038
194105157053
194105199121
194106177753
194106279161
194107086995
194107149207
194107153415
194108019052
194108088396
194108109168
194108166978
194108279185
194109157059
194109229080
194110147495
194110288083
194110299221
194111186377
194111299055
194112128154
194112138153
194112169182
194112249166
194201199124
194201313287
194202269207
194203249034
194204159075
194206044739
194206089205
194206147490
194206178420
194207016835
194207099146
194207294796
194207318785
194208106593
194208138844
194208174732
194208272395
194209039140
194209088899
194209177072
194209257486
194210078418
194210198174
194210219269
194210228476
194211016151
194211307444
194301236982
194302029204
194302096997
194303030300
194303282398
194304074695
194304302385
194304305305
194305127054
194306113475
194306134760
194307039042
194307199069
194308124694
194309094714
194309189126
194309269225
194310199106
194310308442
194311029005
194311097093
194311234787
194311244786
194312095450
194312122395
194312298245
194312612395
194401059771
194401072089
194401126885
194401153053
194401156478
194401158615
194401168481
194401182078
194401190857
194401209046
194402168597
194403059100
194403113154
194403157078
194403319108
194404136055
194404277461
194405013493
194405229206
194405307051
194406098824
194406187692
194406197691
194407148180
194409149061
194409168269
194410119046
194410188876
194411219183
194412198154
194412279129
194412312391
194501128278
194501202388
194502073416
194502198429
194502202395
194502278353
194503135883
194504069248
194504302383
194505050510
194505249229
194506218983
194507018820
194507167072
194508203199
194508236728
194508822386
194509123412
194509287068
194509302396
194510106331
194510168885
194510194659
194511102388
194511184758
194512088149
194512137250
194512222391
194512267743
194601198882
194601274758
194602112395
194602226559
194603047327
194603212426
194603213424
194605076654
194605208729
194605233198
194606109108
194606233411
194607051721
194607054725
194607137454
194607177872
194608154714
194608188886
194609144706
194609271897
194610196695
194611173388
194611213010
194612194714
194701053151
194701222798
194701302392
194702163413
194703103111
194704083452
194704187006
194705193748
194705233171
194706112234
194707193290
194707262202
194709183109
194710162381
194711052326
194711222192
194711232365
194711302267
194712122235
194712312588
194801141864
194801152184
194801171770
194801232606
194802032385
194802082364
194802162174
194802172173
194802292385
194803022328
194803263161
194804032094
194805111855
194805132380
194806212231
194807073103
194807073228
194807141777
194807171899
194808192530
194809132386
194811092529
194811172115
194812069989
194812161596
194812212282
194812661108
194812665026
194901022121
194901022188
194901262172
194901272247
194903012658
194903102384
194904202621
194904262153
194905192334
194905232841
194906062213
194906182284
194907162343
194907162392
194907282315
194908271754
194909162150
194909272306
194910141854
194911212209
195001022390
195001182061
195001232296
195002192382
195002230208
195002252384
195003042222
195003042388
195003072260
195003162384
195003282265
195003292397
195004112354
195004122395
195004302120
195005050975
195005251599
195006172380
195006272354
195007282162
195007292435
195008121856
195008182304
195008212226
195009141440
195009161240
195010172483
195010232618
195011012365
195011132098
195012732391
195101271848
195102031753
195102262267
195103181870
195103222641
195104172555
195106092249
195107092388
195107152166
195108122143
195108191833
195109081868
195109182187
195109261494
195110102166
195110119871
195110121695
195111022249
195111231873
195111232079
195112162143
195112302012
195201161857
195202132303
195202262357
195203041594
195203072227
195203132393
195203312383
195204082308
195204142177
195204152176
195204152192
195205111551
195205131559
195205131575
195205162315
195205162331
195205292260
195206142597
195206172339
195206232992
195207122184
195207272252
195207291591
195208062223
195209132132
195209242303
195210312582
195211012389
195211182018
195211231864
195212222318
195301010350
195302022255
195302062699
195302192264
195303012198
195303231855
195304102352
195304162349
195305042367
195305122623
195305232570
195307092691
195307182187
195308072395
195308132389
195309112489
195309142387
195309162385
195309272119
195310022107
195310292379
195311022395
195311172398
195311202351
195312222390
195312242067
195312242083
195401011779
195401023758
195401025191
195401025688
195401035638
195401038145
195401039481
195401072284
195401113013
195401118954
195401122923
195401123947
195401127971
195401129530
195401156558
195401166086
195401177547
195401180467
195401189443
195401192397
195401197354
195401206122
195401212112
195401216568
195401219273
195401222178
195401232540
195401235790
195401259659
195401266084
195401273049
195401283816
195402192222
195402241862
195403143380
195404132382
195405062216
195405182394
195405272260
195406102383
195406112853
195406172626
195407072767
195407072767
195407092385
195408182128
195409042172
195409142394
195409182069
195409272324
195410062656
195410072572
195410101801
195410181969
195411022394
195411122590
195411722381
195412012386
195412192097
195501142284
195501202138
195501212137
195501292303
195502052656
195502242687
195502272684
195503142027
195503262684
195504162776
195505062397
195505072529
195506072882
195506302388
195507252301
195508112561
195508142592
195509132386
195509222526
195509292891
195510152167
195512122382
195512142380
195512162784
195512262667
195601132334
195601222861
195602072653
195602192683
195603032193
195603212696
195603313122
195605062388
195605082642
195606172798
195606182748
195607222394
195608082656
195608112388
195609052385
195609082895
195609192819
195609272819
195610132382
195610282476
195611012765
195611242859
195612072545
195701032863
195701292897
195702019976
195702272872
195703022383
195703122621
195703213032
195704133106
195704252393
195705082633
195705092863
195705172590
195705212388
195706012274
195706262630
195707068895
195707102801
195707159520
195708143101
195708152391
195708182810
195708282396
195709112790
195709122799
195709263080
195710142653
195710312686
195711092642
195711122381
195712302842
195801012393
195801082743
195801122655
195803012805
195803012987
195803193258
195807112643
195807133052
195807302996
195808052384
195808088008
195808088016
195809092652
195809132896
195810033356
195810083054
195810302868
195811121077
195811123073
195811243269
195812193091
195901022995
195901232602
195901292077
195901293067
195901294057
195901296037
195901297027
195901298017
195902142388
195902173391
195902262806
195903133279
195903302783
195904162384
195904223350
195905011481
195905052881
195906113187
195907029911
195907293061
195908172397
195909098781
195909122821
195910162642
195910192383
195911032620
195911072899
195911149820
195911172939
195912012399
195912232849
196001189114
196001209136
196001219127
196001282570
196001298287
196003030308
196003102628
196003242879
196004040405
196004182843
196005032872
196005088957
196005272809
196005612392
196006022385
196006032384
196006060609
196006172818
196007070706
196007083121
196007152389
196008133065
196009090900
196009172336
196009302560
196011282834
196101182803
196101242797
196102083141
196102133177
196102143176
196103043698
196103123227
196103133226
196103213499
196104032898
196104153488
196105162652
196105273269
196106143495
196107012384
196107102862
196107162791
196108193175
196108232395
196108283166
196108302396
196108312387
196109072972
196109282829
196109292828
196110023055
196110182547
196111112956
196111202989
196112072654
196112122871
196112222382
196201082697
196202103138
196202113137
196203153090
196203173056
196203233066
196204142852
196204202383
196205262816
196206193143
196207213098
196207233047
196207243046
196208132834
196209223152
196209284451
196210129786
196210313117
196211022766
196211173148
196211262834
196212282583
196301022395
196301022866
196301052392
196301193121
196301202633
196302012387
196302022386
196302052383
196302062846
196302273351
196303022393
196303032392
196303042391
196304213389
196305113174
196305183144
196306253151
196307312774
196308142782
196310072993
196310262628
196312123240
196312232587
196401053076
196401222861
196402123191
196402183377
196402283367
196403013417
196403193771
196403273169
196404094739
196404153832
196405112985
196405183630
196406103405
196407132999
196407133252
196407313607
196408073416
196408102991
196408233234
196408312384
196409012389
196409053086
196409123475
196409294698
196410102880
196410243056
196411182394
196411193086
196411283499
196501022773
196501253063
196502023143
196502103614
196503143254
196503184589
196503194588
196504192383
196505092962
196505153293
196506078887
196506232880
196507132758
196507182795
196507233721
196507243720
196508122857
196508163257
196508313738
196509012503
196509273386
196509283385
196510012385
196510113050
196511032804
196511073071
196512073245
196512123339
196601062620
196601142976
196602103464
196602233196
196603143428
196603193373
196603233724
196604273083
196605183398
196605253225
196606063193
196607113146
196607122386
196607293112
196607303119
196608152846
196608182942
196608253081
196609063091
196609303547
196610103266
196610232842
196610892389
196611233153
196612193273
196612312394
196701292846
196702193027
196703143435
196704033452
196705053723
196707162993
196707182991
196707192388
196707192396
196708133076
196708282584
196709132887
196709192642
196709272691
196710083103
196710313195
196711092681
196711273026
196712032884
196712272647
196801029288
196801249290
196802149283
196802169265
196802279296
196803259297
196804249289
196805029268
196805229272
196805249288
196806129299
196806249162
196807099228
196807219289
196807299257
196807902397
196808199266
196809139295
196809279281
196810079290
196810292380
196810292398
196811022380
196811022398
196811209292
196811309282
196901119286
196902079281
196902209292
196903229281
196904139265
196904262398
196904302384
196905193071
196905193097
196906052391
196906092389
196906112393
196906259293
196907109281
196907209792
196907289299
196908069294
196908119289
196909092394
196909099092
196909099290
196909229285
196909289230
196910149290
196910199287
196910299285
196911073077
196911073093
196911139290
196911299284
196912179295
197001239297
197002129273
197002259294
197003162398
197003199291
197006852383
197007219293
197008089281
197009169298
197009309282
197010189269
197011129280
197011299281
197101019045
197101039241
197101039282
197101152390
197102049280
197102189284
197103119298
197104142398
197105142397
197105319284
197107049301
197108109286
197109049275
197109259288
197110089294
197110289266
197111099292
197111309287
197112039271
197201079295
197201189268
197202039272
197202249285
197202620253
197203309286
197203732396
197205169266
197205229292
197206099280
197206179298
197207139283
197207172391
197209101117
197209189294
197209239289
197210119280
197210189291
197211249276
197211292383
197301209289
197303159250
197306199287
197307109293
197307299284
197308139273
197309069289
197309092398
197309238892
197309692395
197310199265
197310319293
197311059286
197311239292
197402259274
197403199289
197403229292
197404279288
197406199211
197407029284
197407169296
197408169246
197408302391
197409012395
197409112393
197409139297
197409229288
197409238693
197410309285
197412129269
197501079292
197501149285
197502199255
197502279289
197503049293
197503259280
197504153037
197504249215
197505055124
197505055181
197505055207
197505055249
197505279294
197506129241
197507109291
197507289283
197508069163
197508259293
197509139288
197510012383
197510025781
197510082386
197510109247
197510152387
197510179281
197510239242
197511199288
197512229282
197601012391
197601029270
197601139343
197601279370
197602062395
197602079423
197602109352
197603032389
197603159422
197603299376
197604219423
197605102388
197605139356
197605159404
197606012388
197606022395
197606066004
197606066020
197606066046
197607119349
197607143083
197607282386
197607319352
197608133075
197608202383
197608212382
197608232398
197608242389
197608252396
197609099259
197609179275
197609202382
197609232397
197609249367
197609272393
197609282384
197610159142
197610202389
197610319324
197611035788
197611242392
197611289302
197612012398
197612032388
197612282397
197612292388
197612312384
197700602381
197701012382
197701012390
197701022381
197701029147
197701062395
197701082385
197701319324
197702082384
197702112389
197702122388
197702162392
197702172383
197702262382
197702272381
197702272399
197703022397
197703082383
197703279336
197704032395
197704042394
197704239305
197704302384
197705019359
197705149305
197705232382
197706052391
197706069346
197706202392
197706242398
197707077777
197707112392
197707172396
197707252388
197708032391
197708239327
197708292391
197708312389
197709122399
197709212398
197710189346
197710209318
197710262390
197711027768
197711069307
197711139308
197711159314
197711309307
197712099311
197712122386
197712202394
197712212393
197712242390
197712252399
197712299309
197801012381
197801209318
197802099304
197802102389
197803153035
197803272397
197803319305
197804059876
197804182389
197804189319
197805032385
197805109316
197805169302
197806032384
197806032392
197806299314
197807119305
197807242388
197808022391
197808032390
197808102391
197808309509
197809179307
197809259315
197810102397
197810109319
197811049316
197811289300
197812112386
197812169311
197901022389
197901022397
197902272389
197902802383
197903102395
197904152399
197906302380
197906302398
197907079508
197908122380
197908262384
197908302388
197909012382
197909090909
197912129504
197912142390
198001130890
198001312399
198001672396
198003142398
198003282384
198004012384
198004012392
198004042399
198004052380
198004062397
198004072388
198004092386
198004092394
198004112390
198004122399
198005092385
198005092393
198005192383
198005252393
198006052396
198008232392
198009152383
198009162390
198010122391
198010302399
198011062380
198012032382
198101012386
198101022385
198101032384
198101042383
198101052382
198101062381
198101072380
198101082389
198104112381
198104122380
198104132389
198104142388
198104152387
198104162386
198104172385
198104182384
198104192383
198104202380
198104612380
198107032388
198107632385
198110302380
198110302398
198110312389
198111012384
198111012392
198111022383
198111022391
198111032382
198111042381
198201192393
198202022995
198202112382
198202252386
198203202380
198203202398
198203242394
198204012382
198204012390
198204172384
198204202397
198205112389
198206072392
198206102389
198207109334
198208212384
198208212392
198208262389
198208302383
198208302391
198209162380
198209162398
198209222390
198210122381
198210212398
198210312396
198211012391
198211022382
198211032399
198212012390
198301012384
198301032390
198301042381
198301082395
198301092386
198301102391
198301112382
198301122381
198301152396
198301162395
198301182385
198301202399
198301272384
198301302397
198302012391
198302112399
198302262384
198302282390
198303032380
198303072394
198303092384
198303092392
198303222387
198303252392
198303292398
198303302387
198304012381
198304042396
198304122388
198304172391
198304212395
198305182381
198305302393
198306142384
198306282396
198307042393
198307072390
198308082398
198308112385
198308152399
198308172397
198308292393
198309152398
198310102382
198401012383
198401012391
198401022382
198401032399
198401042380
198401042398
198401052389
198401062396
198401072395
198401092385
198401102382
198401122380
198401132397
198401152395
198401162386
198401182392
198401202380
198401212397
198401232395
198401262384
198401282390
198401292381
198401302388
198401312395
198402172392
198404092382
198404222393
198404292388
198404302393
198405022396
198405032387
198405062384
198405062392
198405072383
198405102396
198405112395
198405172381
198405222392
198405262398
198405272397
198405282388
198405312391
198406012388
198406032394
198406072382
198406092380
198406112394
198406122385
198406132384
198406172380
198409102392
198412012398
198412182381
198501012390
198501032398
198501042389
198501092384
198501152394
198501162385
198501212396
198501242385
198501272382
198501302395
198501312386
198502022398
198502042396
198502082384
198502102380
198502142394
198502152393
198502182382
198502202396
198502232393
198502262390
198502282380
198503022389
198503032388
198503072384
198503092390
198503102397
198503122395
198503132386
198503152392
198503172382
198503192398
198504012389
198504122386
198504142384
198504202386
198504292387
198505112394
198505132392
198505202385
198505242399
198506062382
198506142390
198506182388
198506292385
198507112392
198507162397
198507242397
198508082396
198508102384
198508152397
198508262386
198508812396
198509122381
198509142389
198509152388
198510032397
198510102380
198510102398
198510192399
198510272399
198511022389
198511072384
198511122395
198511242391
198512012389
198512122394
198512202386
198601032397
198601152393
198601182390
198601252383
198602082391
198602092382
198602232384
198603072383
198603072391
198603142392
198603222392
198603292387
198604172380
198604222383
198604222391
198604232382
198604242381
198605022394
198605042384
198605102394
198605202384
198606092396
198607102392
198607212381
198607212399
198607232397
198607242388
198607242396
198607272385
198607272393
198608072388
198608102383
198608132398
198611022388
198611032387
198611052385
198611062384
198611092399
198611192389
198611202386
198611212385
198612182389
198702152391
198705112392
198705302381
198707282383
198708202398
198708222396
198708312387
198709182391
198710092399
198711172380
198711282387
198711282395
198711302391
198801142392
198802099351
198802252380
198803172397
198803222382
198805262386
198806182393
198806302397
198807062388
198807142396
198807212389
198811212383
198901162381
198902172397
198904282384
198905069368
198905112390
198905172394
198906142396
198907182383
198907242385
198910132391
198911182395
198912262386
198912302398
199002262393
199004152386
199004182383
199004182391
199006142393
199008199391
199008252398
199009012395
199009132391
199010132398
199012312386
199101012384
199104252383
199105142393
199105292388
199107142383
199107142391
199107152382
199107152390
199107162399
199107282395
199109152380
199109192386
199110312387
199110312395
199111012382
199111022381
199111022399
199201012391
199201028769
199201045359
199202292380
199202292398
199204022397
199205252381
199205252399
199205262380
199206012388
199206012396
199206022387
199206022387
199206032386
199206032394
199206072390
199207142390
199207152381
199208062381
199212042387
199301096914
199301252392
199302012381
199304052393
199306112385
199306122384
199307282393
199308082396
199308222380
199311172390
199312072383
199401024543
199401031779
199401033296
199401076584
199401077095
199401136628
199401158226
199401210803
199401213476
199401222386
199401232989
199401281655
199402019997
199404262397
199405062390
199406282393
199408112390
199409022390
199501012380
199501022389
199501178819
199501198064
199501222393
199501232384
199501252382
199501272380
199501289129
199503192396
199503202385
199503212392
199503222383
199503232390
199503242381
199503252398
199503262389
199503272396
199503292394
199503302383
199503312390
199601028294
199601030902
199601039663
199601042386
199601092969
199601097182
199601140636
199601157317
199601167191
199601259725
199601275861
199601276315
199601282289
199601286900
199601287452
199603302382
199603312399
199604012386
199604022385
199604032384
199604042391
199604052382
199604062399
199604072380
199604082397
199604092388
199604102393
199604112384
199604122391
199604132382
199604142399
199604152380
199604162397
199605092387
199605102392
199605112383
199605122390
199605132381
199605142398
199605152389
199605162396
199609182390
199610252398
199610262389
199610272396
199610292394
199610302383
199610312390
199611022394
199611042392
199611052383
199611062390
199611072381
199611082398
199611092389
199611102394
199611112385
199611122392
199611132383
199611142390
199701052384
199701072390
199701172380
199702162398
199702172389
199702182396
199702192387
199702202392
199702212383
199702222390
199703302399
199704012385
199801280364
199802122383
199803092387
199803142380
199806132388
199806172392
199807152393
199807192399
199809042386
199809302392
199812132380
199812272392
199812311216
199901012394
199901252396
199901292392
199901302381
199901312398
199902012385
199902022392
199902032383
199903012384
199903312388
199905012390
199905232386
199906272381
199910112391
199910162396
199911142397
199912292381
199912302388
199912312387
200001012384
200001022391
200001032382
200001042399
200001052380
200002052397
200002072395
200003015542
200006172381
200006232383
200006292387
200007172380
200008012395
200008192395
200009092388
200010052397
200010062388
200010202398
200012142386
200102142395
200103082392
200103152385
200104052394
200104232392
200104282397
200105282388
200106082381
200106092398
200106132384
200106259005
200108122391
200109012393
200109242388
200110109295
200111182382
200112052386
200112192398
200201192382
200202022398
200203012398
200203022397
200203062385
200203292388
200204112387
200204112395
200204172381
200204252399
200205112386
200206012387
200206232381
200207062399
200208142398
200210132387
200211022397
200211042395
200211302385
200212292395
200301272381
200301272399
200302012380
200302142385
200302282397
200304032386
200304172380
200305052383
200305062390
200305072381
200305072381
200306012394
200306022385
200306182395
200307182386
200308192392
200311037899
200312172398
200403012396
200403022387
200403252380
200404182388
200405012386
200405065673
200406112383
200407302389
200408172393
200408212389
200408272383
200409142395
200409272390
200410062392
200411032394
200412172397
200501192389
200501252381
200503262396
200505050500
200509072385
200509142386
200509222394
200510072390
200511162398
200511242398
200512242389
200601011018
200601282395
200604252387
200606060606
200607102399
200607112398
200612162388
200703032383
200703132399
200704032382
200709062392
200709252399
200709262380
200709262398
200709302384
200710172388
200710172396
200710182387
200710192386
200711242388
200711242396
200711262394
200711272385
200711272393
200711282384
200711282392
200711292383
200711302380
200712122381
200712122399
200712132380
200712132398
200712152388
200712302397
200712312396
200804122398
200806072393
200807132386
200809212384
200810012385
200810222380
200811102383
200811102391
200811112390
200811242395
200901092395
200901102384
200902102391
200903042380
200904212396
200905112389
200906082383
200906282397
200910012384
200911082394
201002032389
201002052395
201003012398
201003022389
201004172399
201007052382
201008102384
201009122381
201010282398
201012042386
201101072385
201101122388
201102012380
201105012395
201105022386
201110092390
201111082382
201112142383
201112182389
201112302391
201203022387
201203042385
201204192387
201204212383
201205192386
201206042390
201206172387
201207122399
201208102390
201209082393
201210122394
201302112394
201302122385
201302122393
201302132392
201302202393
201303052383
201303052391
201303062382
201303112385
201401172380
201402182388
201403242389
201404092387
201405102383
201406012391
201407142395
201408302394
201409072392
201410072399
201503182394
201504292390
201505052397
201506092392
201507082392
201508142385
201509142384
201510302381
201511042382
201512312388
201601072398
201604012391
201606122388
201606182382
201608102396
201609072390
201609152382
201610012385
201611012384
201612042398
201704152386
201706232392
201707142392
201707272397
201709162398
201709282386
201709282394
201710012392
201711032399
201712082393
201801272392
201803102399
201803172392
201804172383
201804252391
201804292389
201805062393
201806122386
201807212392
201807262397
191911199212
197406079298
192001239272
192005019183
192005239237
192006052399
192006159228
192006309294
192008037489
192009079282
192009299187
192010109250
192011149255
192011189228
192011279268
192012049199
192012269243
192101069249
192101239271
192102172398
192102239254
192103158750
192104079237
192104198383
192105019216
192105029249
192106049279
192106179282
192107139269
192107169274
192107249241
192108119138
192108139268
192109059259
192109099180
192109279204
192110109176
192111098279
192111229247
192112039223
192112139197
192112249202
192201029283
192201059272
192201239122
192202229189
192202239279
192203207960
192203217969
192203249244
192204129189
192205049246
192205079201
192205179274
192206229235
192207139243
192207189230
192208319232
192209099262
192209198296
192210148983
192210289076
192211037227
192212122994
192212199117
192301098311
192301149247
192301229262
192301289183
192302058785
192303139204
192304059260
192305078400
192305199214
192306189222
192306269107
192307012399
192307058368
192307129227
192308119003
192310049206
192312139195
192401012394
192401019183
192401297250
192401762386
192402039263
192404069151
192404259224
192405299245
192406099198
192406228607
192407109251
192407239207
192408089239
192409099054
192410199240
192411026301
192411119213
192411119213
192411219047
192412309268
192412319218
192501019216
192504079100
192504289253
192504689254
192505269155
192506189220
192506279211
192508133010
192508188188
192508242381
192508298037
192509099269
192509189250
192509288490
192510067560
192512019023
192512140605
192601177310
192602097095
192602129013
192603189123
192604019253
192604039178
192604278156
192605218110
192606135487
192606257430
192606267439
192607049109
192607309198
192608099244
192609137043
192610069185
192610227494
192611038387
192611099199
192611128311
192611279148
192612049029
192701089167
192702109105
192702237179
192703039202
192704019229
192705048409
192705178354
192705199236
192705219240
192706109176
192706110109
192706233091
192707047219
192707169203
192708139148
192709117077
192709156802
192710038197
192711188843
192712149075
192712318464
192801129475
192801138260
192801139763
192801199023
192801287075
192802058939
192802197059
192802286886
192803089214
192804129175
192804149264
192805028939
192805149248
192806059156
192806169229
192806179228
192806279234
192807139163
192807169228
192807263294
192807269234
192809176130
192810098372
192811038260
192812176333
192901189254
192902079264
192902137666
192902239199
192903139240
192903209175
192904069263
192904289234
192905209181
192905277295
192906098021
192906188798
192907059022
192907169193
192907304766
192908187541
192909089035
192910107032
192910209200
192911039150
192912097330
193001016595
193001227705
193001312390
193002012387
193002209082
193003030305
193003064742
193004040402
193004152397
193005269166
193006199248
193006208197
193006278240
193007149051
193007289261
193008029054
193008169165
193009179221
193009189246
193009249057
193010129249
193010259178
193010712390
193011309154
193012099267
193012102392
193012132399
193101139198
193102137662
193102168899
193103249078
193103310037
193104219096
193105099208
193105279172
193106226305
193107297552
193107697553
193108028287
193109259287
193109279210
193110106469
193110126467
193111049288
193111259291
193112316710
193201149121
193201176710
193201216987
193201299231
193202119065
193202178459
193203209162
193204029064
193205019056
193205039021
193205750056
193206127874
193207228333
193207319207
193208019111
193209189186
193210197251
193210307280
193211056969
193211195742
193212249282
193301205419
193301299172
193302177211
193302288414
193303030302
193303039105
193303129096
193303229201
193303237030
193304099173
193306086947
193307289151
193308179013
193310109123
193310186436
193311275824
193311288454
193311295434
193312049244
193401017003
193401193754
193401213073
193401268101
193402139111
193402287381
193403239209
193404129094
193405178967
193407116999
193408159154
193408174757
193408184756
193408195349
193409187451
193409269085
193410317246
193411194438
193412092391
193412179289
193412182390
193412199212
193501029148
193501096998
193501277697
193502017456
193502158458
193502234796
193503189049
193503289153
193504049135
193504079108
193504167358
193505098743
193505296776
193506308174
193508249079
193509228890
193511275863
193511308292
193512159116
193512172382
193512208194
193601016987
193601286499
193602039145
193602292348
193603119045
193603229091
193603239090
193603259155
193603289020
193604078455
193604139208
193604187496
193605227317
193605319122
193606099079
193607075896
193608108993
193609267202
193610058590
193610277448
193611129143
193702159009
193703119168
193703149132
193703219216
193704297450
193705019200
193705269235
193706187071
193707197442
193707219139
193709107761
193709146553
193709209112
193710146550
193710219209
193711099113
193711117626
193711146559
193712146558
193712146574
193712302391
193712312390
193801012398
193801122395
193801147061
193801248471
193801258470
193802052393
193802217475
193802278485
193803039142
193803129182
193804019036
193804139149
193804169245
193804629032
193805028432
193805089145
193805259169
193806079079
193806099101
193807106590
193808209005
193808319192
193809726585
193810157093
193811239106
193812012395
193812038895
193812192395
193812217044
193812302390
193812312399
193901012397
193901059059
193902218886
193903049165
193904286873
193905165407
193905299198
193906218890
193907189090
193908079167
193908139060
193908199163
193909099206
193909179131
193910108020
193910179203
193910288194
193911137077
193911152381
193912052390
193912063090
193912298894
193912302399
193912312380
193912312398
194001012386
194001012394
194001042383
194001167743
194001279050
194002039149
194002049163
194002087874
194002132399
194002142398
194002152397
194002287086
194003137033
194003189083
194004279107
194005050515
194005068095
194005088887
194005088895
194005650512
194005650520
194006028874
194006038873
194006139184
194007219142
194008097497
194009109077
194010017053
194010169185
194012012383
194012022382
194012197010
194012239101
194101010116
194101012393
194101090357
194101100354
194101106393
194101157545
194101267013
194101298265
194102069046
194103219202
194104279122
194105039038
194105157053
194105199121
194106177753
194106279161
194107086995
194107149207
194107153415
194108019052
194108088396
194108109168
194108166978
194108279185
194109157059
194109229080
194110147495
194110288083
194110299221
194111186377
194111299055
194112128154
194112138153
194112169182
194112249166
194201199124
194201313287
194202269207
194203249034
194204159075
194206044739
194206089205
194206147490
194206178420
194207016835
194207099146
194207294796
194207318785
194208106593
194208138844
194208174732
194208272395
194209039140
194209088899
194209177072
194209257486
194210078418
194210198174
194210219269
194210228476
194211016151
194211307444
194301236982
194302029204
194302096997
194303030300
194303282398
194304074695
194304302385
194304305305
194305127054
194306113475
194306134760
194307039042
194307199069
194308124694
194309094714
194309189126
194309269225
194310199106
194310308442
194311029005
194311097093
194311234787
194311244786
194312095450
194312122395
194312298245
194312612395
194401059771
194401072089
194401126885
194401153053
194401156478
194401158615
194401168481
194401182078
194401190857
194401209046
194402168597
194403059100
194403113154
194403157078
194403319108
194404136055
194404277461
194405013493
194405229206
194405307051
194406098824
194406187692
194406197691
194407148180
194409149061
194409168269
194410119046
194410188876
194411219183
194412198154
194412279129
194412312391
194501128278
194501202388
194502073416
194502198429
194502202395
194502278353
194503135883
194504069248
194504302383
194505050510
194505249229
194506218983
194507018820
194507167072
194508203199
194508236728
194508822386
194509123412
194509287068
194509302396
194510106331
194510168885
194510194659
194511102388
194511184758
194512088149
194512137250
194512222391
194512267743
194601198882
194601274758
194602112395
194602226559
194603047327
194603212426
194603213424
194605076654
194605208729
194605233198
194606109108
194606233411
194607051721
194607054725
194607137454
194607177872
194608154714
194608188886
194609144706
194609271897
194610196695
194611173388
194611213010
194612194714
194701053151
194701222798
194701302392
194702163413
194703103111
194704083452
194704187006
194705193748
194705233171
194706112234
194707193290
194707262202
194709183109
194710162381
194711052326
194711222192
194711232365
194711302267
194712122235
194712312588
194801141864
194801152184
194801171770
194801232606
194802032385
194802082364
194802162174
194802172173
194802292385
194803022328
194803263161
194804032094
194805111855
194805132380
194806212231
194807073103
194807073228
194807141777
194807171899
194808192530
194809132386
194811092529
194811172115
194812069989
194812161596
194812212282
194812661108
194812665026
194901022121
194901022188
194901262172
194901272247
194903012658
194903102384
194904202621
194904262153
194905192334
194905232841
194906062213
194906182284
194907162343
194907162392
194907282315
194908271754
194909162150
194909272306
194910141854
194911212209
195001022390
195001182061
195001232296
195002192382
195002230208
195002252384
195003042222
195003042388
195003072260
195003162384
195003282265
195003292397
195004112354
195004122395
195004302120
195005050975
195005251599
195006172380
195006272354
195007282162
195007292435
195008121856
195008182304
195008212226
195009141440
195009161240
195010172483
195010232618
195011012365
195011132098
195012732391
195101271848
195102031753
195102262267
195103181870
195103222641
195104172555
195106092249
195107092388
195107152166
195108122143
195108191833
195109081868
195109182187
195109261494
195110102166
195110119871
195110121695
195111022249
195111231873
195111232079
195112162143
195112302012
195201161857
195202132303
195202262357
195203041594
195203072227
195203132393
195203312383
195204082308
195204142177
195204152176
195204152192
195205111551
195205131559
195205131575
195205162315
195205162331
195205292260
195206142597
195206172339
195206232992
195207122184
195207272252
195207291591
195208062223
195209132132
195209242303
195210312582
195211012389
195211182018
195211231864
195212222318
195301010350
195302022255
195302062699
195302192264
195303012198
195303231855
195304102352
195304162349
195305042367
195305122623
195305232570
195307092691
195307182187
195308072395
195308132389
195309112489
195309142387
195309162385
195309272119
195310022107
195310292379
195311022395
195311172398
195311202351
195312222390
195312242067
195312242083
195401011779
195401023758
195401025191
195401025688
195401035638
195401038145
195401039481
195401072284
195401113013
195401118954
195401122923
195401123947
195401127971
195401129530
195401156558
195401166086
195401177547
195401180467
195401189443
195401192397
195401197354
195401206122
195401212112
195401216568
195401219273
195401222178
195401232540
195401235790
195401259659
195401266084
195401273049
195401283816
195402192222
195402241862
195403143380
195404132382
195405062216
195405182394
195405272260
195406102383
195406112853
195406172626
195407072767
195407072767
195407092385
195408182128
195409042172
195409142394
195409182069
195409272324
195410062656
195410072572
195410101801
195410181969
195411022394
195411122590
195411722381
195412012386
195412192097
195501142284
195501202138
195501212137
195501292303
195502052656
195502242687
195502272684
195503142027
195503262684
195504162776
195505062397
195505072529
195506072882
195506302388
195507252301
195508112561
195508142592
195509132386
195509222526
195509292891
195510152167
195512122382
195512142380
195512162784
195512262667
195601132334
195601222861
195602072653
195602192683
195603032193
195603212696
195603313122
195605062388
195605082642
195606172798
195606182748
195607222394
195608082656
195608112388
195609052385
195609082895
195609192819
195609272819
195610132382
195610282476
195611012765
195611242859
195612072545
195701032863
195701292897
195702019976
195702272872
195703022383
195703122621
195703213032
195704133106
195704252393
195705082633
195705092863
195705172590
195705212388
195706012274
195706262630
195707068895
195707102801
195707159520
195708143101
195708152391
195708182810
195708282396
195709112790
195709122799
195709263080
195710142653
195710312686
195711092642
195711122381
195712302842
195801012393
195801082743
195801122655
195803012805
195803012987
195803193258
195807112643
195807133052
195807302996
195808052384
195808088008
195808088016
195809092652
195809132896
195810033356
195810083054
195810302868
195811121077
195811123073
195811243269
195812193091
195901022995
195901232602
195901292077
195901293067
195901294057
195901296037
195901297027
195901298017
195902142388
195902173391
195902262806
195903133279
195903302783
195904162384
195904223350
195905011481
195905052881
195906113187
195907029911
195907293061
195908172397
195909098781
195909122821
195910162642
195910192383
195911032620
195911072899
195911149820
195911172939
195912012399
195912232849
196001189114
196001209136
196001219127
196001282570
196001298287
196003030308
196003102628
196003242879
196004040405
196004182843
196005032872
196005088957
196005272809
196005612392
196006022385
196006032384
196006060609
196006172818
196007070706
196007083121
196007152389
196008133065
196009090900
196009172336
196009302560
196011282834
196101182803
196101242797
196102083141
196102133177
196102143176
196103043698
196103123227
196103133226
196103213499
196104032898
196104153488
196105162652
196105273269
196106143495
196107012384
196107102862
196107162791
196108193175
196108232395
196108283166
196108302396
196108312387
196109072972
196109282829
196109292828
196110023055
196110182547
196111112956
196111202989
196112072654
196112122871
196112222382
196201082697
196202103138
196202113137
196203153090
196203173056
196203233066
196204142852
196204202383
196205262816
196206193143
196207213098
196207233047
196207243046
196208132834
196209223152
196209284451
196210129786
196210313117
196211022766
196211173148
196211262834
196212282583
196301022395
196301022866
196301052392
196301193121
196301202633
196302012387
196302022386
196302052383
196302062846
196302273351
196303022393
196303032392
196303042391
196304213389
196305113174
196305183144
196306253151
196307312774
196308142782
196310072993
196310262628
196312123240
196312232587
196401053076
196401222861
196402123191
196402183377
196402283367
196403013417
196403193771
196403273169
196404094739
196404153832
196405112985
196405183630
196406103405
196407132999
196407133252
196407313607
196408073416
196408102991
196408233234
196408312384
196409012389
196409053086
196409123475
196409294698
196410102880
196410243056
196411182394
196411193086
196411283499
196501022773
196501253063
196502023143
196502103614
196503143254
196503184589
196503194588
196504192383
196505092962
196505153293
196506078887
196506232880
196507132758
196507182795
196507233721
196507243720
196508122857
196508163257
196508313738
196509012503
196509273386
196509283385
196510012385
196510113050
196511032804
196511073071
196512073245
196512123339
196601062620
196601142976
196602103464
196602233196
196603143428
196603193373
196603233724
196604273083
196605183398
196605253225
196606063193
196607113146
196607122386
196607293112
196607303119
196608152846
196608182942
196608253081
196609063091
196609303547
196610103266
196610232842
196610892389
196611233153
196612193273
196612312394
196701292846
196702193027
196703143435
196704033452
196705053723
196707162993
196707182991
196707192388
196707192396
196708133076
196708282584
196709132887
196709192642
196709272691
196710083103
196710313195
196711092681
196711273026
196712032884
196712272647
196801029288
196801249290
196802149283
196802169265
196802279296
196803259297
196804249289
196805029268
196805229272
196805249288
196806129299
196806249162
196807099228
196807219289
196807299257
196807902397
196808199266
196809139295
196809279281
196810079290
196810292380
196810292398
196811022380
196811022398
196811209292
196811309282
196901119286
196902079281
196902209292
196903229281
196904139265
196904262398
196904302384
196905193071
196905193097
196906052391
196906092389
196906112393
196906259293
196907109281
196907209792
196907289299
196908069294
196908119289
196909092394
196909099092
196909099290
196909229285
196909289230
196910149290
196910199287
196910299285
196911073077
196911073093
196911139290
196911299284
196912179295
197001239297
197002129273
197002259294
197003162398
197003199291
197006852383
197007219293
197008089281
197009169298
197009309282
197010189269
197011129280
197011299281
197101019045
197101039241
197101039282
197101152390
197102049280
197102189284
197103119298
197104142398
197105142397
197105319284
197107049301
197108109286
197109049275
197109259288
197110089294
197110289266
197111099292
197111309287
197112039271
197201079295
197201189268
197202039272
197202249285
197202620253
197203309286
197203732396
197205169266
197205229292
197206099280
197206179298
197207139283
197207172391
197209101117
197209189294
197209239289
197210119280
197210189291
197211249276
197211292383
197301209289
197303159250
197306199287
197307109293
197307299284
197308139273
197309069289
197309092398
197309238892
197309692395
197310199265
197310319293
197311059286
197311239292
197402259274
197403199289
197403229292
197404279288
197406199211
197407029284
197407169296
197408169246
197408302391
197409012395
197409112393
197409139297
197409229288
197409238693
197410309285
197412129269
197501079292
197501149285
197502199255
197502279289
197503049293
197503259280
197504153037
197504249215
197505055124
197505055181
197505055207
197505055249
197505279294
197506129241
197507109291
197507289283
197508069163
197508259293
197509139288
197510012383
197510025781
197510082386
197510109247
197510152387
197510179281
197510239242
197511199288
197512229282
197601012391
197601029270
197601139343
197601279370
197602062395
197602079423
197602109352
197603032389
197603159422
197603299376
197604219423
197605102388
197605139356
197605159404
197606012388
197606022395
197606066004
197606066020
197606066046
197607119349
197607143083
197607282386
197607319352
197608133075
197608202383
197608212382
197608232398
197608242389
197608252396
197609099259
197609179275
197609202382
197609232397
197609249367
197609272393
197609282384
197610159142
197610202389
197610319324
197611035788
197611242392
197611289302
197612012398
197612032388
197612282397
197612292388
197612312384
197700602381
197701012382
197701012390
197701022381
197701029147
197701062395
197701082385
197701319324
197702082384
197702112389
197702122388
197702162392
197702172383
197702262382
197702272381
197702272399
197703022397
197703082383
197703279336
197704032395
197704042394
197704239305
197704302384
197705019359
197705149305
197705232382
197706052391
197706069346
197706202392
197706242398
197707077777
197707112392
197707172396
197707252388
197708032391
197708239327
197708292391
197708312389
197709122399
197709212398
197710189346
197710209318
197710262390
197711027768
197711069307
197711139308
197711159314
197711309307
197712099311
197712122386
197712202394
197712212393
197712242390
197712252399
197712299309
197801012381
197801209318
197802099304
197802102389
197803153035
197803272397
197803319305
197804059876
197804182389
197804189319
197805032385
197805109316
197805169302
197806032384
197806032392
197806299314
197807119305
197807242388
197808022391
197808032390
197808102391
197808309509
197809179307
197809259315
197810102397
197810109319
197811049316
197811289300
197812112386
197812169311
197901022389
197901022397
197902272389
197902802383
197903102395
197904152399
197906302380
197906302398
197907079508
197908122380
197908262384
197908302388
197909012382
197909090909
197912129504
197912142390
198001130890
198001312399
198001672396
198003142398
198003282384
198004012384
198004012392
198004042399
198004052380
198004062397
198004072388
198004092386
198004092394
198004112390
198004122399
198005092385
198005092393
198005192383
198005252393
198006052396
198008232392
198009152383
198009162390
198010122391
198010302399
198011062380
198012032382
198101012386
198101022385
198101032384
198101042383
198101052382
198101062381
198101072380
198101082389
198104112381
198104122380
198104132389
198104142388
198104152387
198104162386
198104172385
198104182384
198104192383
198104202380
198104612380
198107032388
198107632385
198110302380
198110302398
198110312389
198111012384
198111012392
198111022383
198111022391
198111032382
198111042381
198201192393
198202022995
198202112382
198202252386
198203202380
198203202398
198203242394
198204012382
198204012390
198204172384
198204202397
198205112389
198206072392
198206102389
198207109334
198208212384
198208212392
198208262389
198208302383
198208302391
198209162380
198209162398
198209222390
198210122381
198210212398
198210312396
198211012391
198211022382
198211032399
198212012390
198301012384
198301032390
198301042381
198301082395
198301092386
198301102391
198301112382
198301122381
198301152396
198301162395
198301182385
198301202399
198301272384
198301302397
198302012391
198302112399
198302262384
198302282390
198303032380
198303072394
198303092384
198303092392
198303222387
198303252392
198303292398
198303302387
198304012381
198304042396
198304122388
198304172391
198304212395
198305182381
198305302393
198306142384
198306282396
198307042393
198307072390
198308082398
198308112385
198308152399
198308172397
198308292393
198309152398
198310102382
198401012383
198401012391
198401022382
198401032399
198401042380
198401042398
198401052389
198401062396
198401072395
198401092385
198401102382
198401122380
198401132397
198401152395
198401162386
198401182392
198401202380
198401212397
198401232395
198401262384
198401282390
198401292381
198401302388
198401312395
198402172392
198404092382
198404222393
198404292388
198404302393
198405022396
198405032387
198405062384
198405062392
198405072383
198405102396
198405112395
198405172381
198405222392
198405262398
198405272397
198405282388
198405312391
198406012388
198406032394
198406072382
198406092380
198406112394
198406122385
198406132384
198406172380
198409102392
198412012398
198412182381
198501012390
198501032398
198501042389
198501092384
198501152394
198501162385
198501212396
198501242385
198501272382
198501302395
198501312386
198502022398
198502042396
198502082384
198502102380
198502142394
198502152393
198502182382
198502202396
198502232393
198502262390
198502282380
198503022389
198503032388
198503072384
198503092390
198503102397
198503122395
198503132386
198503152392
198503172382
198503192398
198504012389
198504122386
198504142384
198504202386
198504292387
198505112394
198505132392
198505202385
198505242399
198506062382
198506142390
198506182388
198506292385
198507112392
198507162397
198507242397
198508082396
198508102384
198508152397
198508262386
198508812396
198509122381
198509142389
198509152388
198510032397
198510102380
198510102398
198510192399
198510272399
198511022389
198511072384
198511122395
198511242391
198512012389
198512122394
198512202386
198601032397
198601152393
198601182390
198601252383
198602082391
198602092382
198602232384
198603072383
198603072391
198603142392
198603222392
198603292387
198604172380
198604222383
198604222391
198604232382
198604242381
198605022394
198605042384
198605102394
198605202384
198606092396
198607102392
198607212381
198607212399
198607232397
198607242388
198607242396
198607272385
198607272393
198608072388
198608102383
198608132398
198611022388
198611032387
198611052385
198611062384
198611092399
198611192389
198611202386
198611212385
198612182389
198702152391
198705112392
198705302381
198707282383
198708202398
198708222396
198708312387
198709182391
198710092399
198711172380
198711282387
198711282395
198711302391
198801142392
198802099351
198802252380
198803172397
198803222382
198805262386
198806182393
198806302397
198807062388
198807142396
198807212389
198811212383
198901162381
198902172397
198904282384
198905069368
198905112390
198905172394
198906142396
198907182383
198907242385
198910132391
198911182395
198912262386
198912302398
199002262393
199004152386
199004182383
199004182391
199006142393
199008199391
199008252398
199009012395
199009132391
199010132398
199012312386
199101012384
199104252383
199105142393
199105292388
199107142383
199107142391
199107152382
199107152390
199107162399
199107282395
199109152380
199109192386
199110312387
199110312395
199111012382
199111022381
199111022399
199201012391
199201028769
199201045359
199202292380
199202292398
199204022397
199205252381
199205252399
199205262380
199206012388
199206012396
199206022387
199206022387
199206032386
199206032394
199206072390
199207142390
199207152381
199208062381
199212042387
199301096914
199301252392
199302012381
199304052393
199306112385
199306122384
199307282393
199308082396
199308222380
199311172390
199312072383
199401024543
199401031779
199401033296
199401076584
199401077095
199401136628
199401158226
199401210803
199401213476
199401222386
199401232989
199401281655
199402019997
199404262397
199405062390
199406282393
199408112390
199409022390
199501012380
199501022389
199501178819
199501198064
199501222393
199501232384
199501252382
199501272380
199501289129
199503192396
199503202385
199503212392
199503222383
199503232390
199503242381
199503252398
199503262389
199503272396
199503292394
199503302383
199503312390
199601028294
199601030902
199601039663
199601042386
199601092969
199601097182
199601140636
199601157317
199601167191
199601259725
199601275861
199601276315
199601282289
199601286900
199601287452
199603302382
199603312399
199604012386
199604022385
199604032384
199604042391
199604052382
199604062399
199604072380
199604082397
199604092388
199604102393
199604112384
199604122391
199604132382
199604142399
199604152380
199604162397
199605092387
199605102392
199605112383
199605122390
199605132381
199605142398
199605152389
199605162396
199609182390
199610252398
199610262389
199610272396
199610292394
199610302383
199610312390
199611022394
199611042392
199611052383
199611062390
199611072381
199611082398
199611092389
199611102394
199611112385
199611122392
199611132383
199611142390
199701052384
199701072390
199701172380
199702162398
199702172389
199702182396
199702192387
199702202392
199702212383
199702222390
199703302399
199704012385
199801280364
199802122383
199803092387
199803142380
199806132388
199806172392
199807152393
199807192399
199809042386
199809302392
199812132380
199812272392
199812311216
199901012394
199901252396
199901292392
199901302381
199901312398
199902012385
199902022392
199902032383
199903012384
199903312388
199905012390
199905232386
199906272381
199910112391
199910162396
199911142397
199912292381
199912302388
199912312387
200001012384
200001022391
200001032382
200001042399
200001052380
200002052397
200002072395
200003015542
200006172381
200006232383
200006292387
200007172380
200008012395
200008192395
200009092388
200010052397
200010062388
200010202398
200012142386
200102142395
200103082392
200103152385
200104052394
200104232392
200104282397
200105282388
200106082381
200106092398
200106132384
200106259005
200108122391
200109012393
200109242388
200110109295
200111182382
200112052386
200112192398
200201192382
200202022398
200203012398
200203022397
200203062385
200203292388
200204112387
200204112395
200204172381
200204252399
200205112386
200206012387
200206232381
200207062399
200208142398
200210132387
200211022397
200211042395
200211302385
200212292395
200301272381
200301272399
200302012380
200302142385
200302282397
200304032386
200304172380
200305052383
200305062390
200305072381
200305072381
200306012394
200306022385
200306182395
200307182386
200308192392
200311037899
200312172398
200403012396
200403022387
200403252380
200404182388
200405012386
200405065673
200406112383
200407302389
200408172393
200408212389
200408272383
200409142395
200409272390
200410062392
200411032394
200412172397
200501192389
200501252381
200503262396
200505050500
200509072385
200509142386
200509222394
200510072390
200511162398
200511242398
200512242389
200601011018
200601282395
200604252387
200606060606
200607102399
200607112398
200612162388
200703032383
200703132399
200704032382
200709062392
200709252399
200709262380
200709262398
200709302384
200710172388
200710172396
200710182387
200710192386
200711242388
200711242396
200711262394
200711272385
200711272393
200711282384
200711282392
200711292383
200711302380
200712122381
200712122399
200712132380
200712132398
200712152388
200712302397
200712312396
200804122398
200806072393
200807132386
200809212384
200810012385
200810222380
200811102383
200811102391
200811112390
200811242395
200901092395
200901102384
200902102391
200903042380
200904212396
200905112389
200906082383
200906282397
200910012384
200911082394
201002032389
201002052395
201003012398
201003022389
201004172399
201007052382
201008102384
201009122381
201010282398
201012042386
201101072385
201101122388
201102012380
201105012395
201105022386
201110092390
201111082382
201112142383
201112182389
201112302391
201203022387
201203042385
201204192387
201204212383
201205192386
201206042390
201206172387
201207122399
201208102390
201209082393
201210122394
201302112394
201302122385
201302122393
201302132392
201302202393
201303052383
201303052391
201303062382
201303112385
201401172380
201402182388
201403242389
201404092387
201405102383
201406012391
201407142395
201408302394
201409072392
201410072399
201503182394
201504292390
201505052397
201506092392
201507082392
201508142385
201509142384
201510302381
201511042382
201512312388
201601072398
201604012391
201606122388
201606182382
201608102396
201609072390
201609152382
201610012385
201611012384
201612042398
201704152386
201706232392
201707142392
201707272397
201709162398
201709282386
201709282394
201710012392
201711032399
201712082393
201801272392
201803102399
201803172392
201804172383
201804252391
201804292389
201805062393
201806122386
201807212392
201807262397
